12
104
151
71
49
96
54
34
103
172
93
113
140
13
166
117
145
21
181
70
115
52
95
38
159
98
30
120
105
198
133
14
77
35
53
73
94
107
57
19
157
185
165
41
177
139
36
59
23
188
61
200
184
67
16
75
134
146
9
84
45
32
152
138
74
174
68
147
191
182
161
101
18
102
171
143
55
163
48
142
162
92
79
189
78
156
129
89
44
17
82
40
155
179
186
33
187
168
122
109
46
7
124
60
111
81
39
158
58
22
24
69
160
88
62
76
178
80
173
144
192
43
97
26
167
197
37
121
114
149
130
11
175
132
85
183
123
164
66
2
190
31
153
91
42
4
72
136
64
51
110
29
6
128
28
83
86
154
141
99
63
170
195
100
125
56
90
25
193
131
119
169
199
112
65
150
50
8
3
10
126
196
148
87
180
20
27
47
1
118
127
137
108
135
194
176
116
5
106
15
